#L SPIN POTTS gamma Nt Nepoch Nmini Nini Nfin Grad
[5, False, False, 0.001, 7, 400, 100, 3, 20, 'RMSprop']
-163.29991017647632
-162.50571856954576
-159.80300561918534
-161.92197442583551
-159.8724336116641
-159.85305700718848
-156.6403642052624
-163.2115030321931
-160.90923221549252
-156.34184877728012
-154.5261216014377
-155.53068010339788
-159.6866629690119
-153.62355598756986
-161.96177839525785
-153.13718522000494
-160.3568987760929
-156.4895600724626
-156.71106138309582
-151.5372362965975
-156.6841605180532
-153.64727069932866
-150.8763692347758
-154.81008289599563
-157.27466581857186
-159.87243759116225
-158.68111234378003
-153.422975724056
-156.89880035779746
-154.96639884898022
-153.40098468282122
-157.8022142001984
-154.60348660108895
-154.76249232076108
-154.79462260657544
-156.48072523264827
-154.62323569342666
-153.50232034922456
-155.23799718608282
-159.956496885962
