#L SPIN POTTS gamma Nt Nepoch Nmini Nini Nfin Grad
[8, False, False, 0.001, 1, 400, 200, 10, 30, 'Adam']
-155.41378247267275
-150.05916667926613
-151.696526752878
-152.43266718725505
-155.4621629140565
-153.52277177825977
-151.9926653264955
-147.99757477431237
-145.57437211161826
-145.45048899214808
-148.9558092455529
-144.5995129290418
-149.9674350051552
-146.73533884273107
-145.7802587927443
-143.29562129938
-141.77936322116878
-143.73500801071626
-145.1164124231476
-146.74255111364513
-143.57794032146168
-152.46085409444078
-149.67378520542132
-144.50764367797655
-145.92146581885115
-147.09197394338582
-148.07433252525954
-149.00676634592224
-149.38260277037222
-149.05785385168386
-150.1400370640205
-150.68345692070886
-148.34720559582658
-147.46189708316768
-152.1087629694773
-148.6370901357929
-143.27918176103717
-146.3519355939603
-147.13656392596454
-146.0476246284308
