-167.85383065412006
-170.99916316317197
-171.2793368824659
-169.9554838790531
-177.86615386967617
-169.95475751943079
-176.1116462850041
-173.95187922182708
-178.41900930461193
-176.25758316363817
-185.56049401588479
-183.4158172684598
-178.34730725326614
-181.25031986011163
-190.54445375957175
-180.92337504732842
-180.72938167052425
-188.76554289513143
-202.28972691960496
-195.7129463712769
-190.09579867630273
-196.9582189374505
-201.30715697040083
-212.27361027391495
-205.89384889245045
-204.82126554942334
-206.57144113117573
-206.34156918637024
-195.11888577504882
-212.2290700958343
-199.77064908985366
-218.8479047348728
-209.26017846228058
-213.44652434614665
-218.14034215843466
-215.7610520436227
-220.52922526306122
-223.68090975493342
-230.28391605026394
-219.18385056691002
