-564.4893578046266
-568.4663553204858
-563.3301900198264
-565.588254322296
-559.3134164532092
-561.1174558024022
-550.655387548463
-560.9684842589179
-562.7631567075329
-560.4828109766937
-564.6720036362425
-558.2247934810599
-559.431024661484
-565.2757676074319
-566.2839187587915
-571.238864620708
-572.4150875194956
-562.0967813801412
-567.5584829470026
-566.2835022816337
-563.807696705887
-560.4773450157492
-569.2966842807549
-559.2710019826163
-564.9921944881795
-561.809054945794
-568.0283442684076
-561.5785901161253
-563.0789012736471
-563.016235709626
-557.5088257825707
-563.9866051692771
-568.1800651662578
-565.3206524223345
-562.7544425028262
-567.1218502934958
-563.836722212007
-567.6274994806174
-565.521545395523
-564.5838399650487
