#L SPIN POTTS gamma Nt Nepoch Nmini Nini Nfin Grad
[5, False, False, 0.001, 2, 400, 100, 3, 20, 'Adam']
nan
nan
-168.60028899293476
-156.73917046745024
-157.30273758141567
-156.61602761560718
-156.31330672065485
-158.8694319362633
-154.8677650804479
-157.91345439301838
-156.3644560305511
-154.63922129119902
-151.33584193780817
-153.6869177263377
-155.33166917235303
-154.90095130205898
-155.27285853029358
-153.87084709978643
-154.5445362441159
-155.8371600970681
-154.3799788923033
-156.98558257721382
-157.8435635495598
-154.8273825833983
-156.58634249026696
-159.10782068079905
-155.88867003099742
-153.6960996286685
-153.2914062091773
-152.95716578437091
-152.17881672220284
-155.00341427193487
-154.32034931044163
-154.35143221078786
-153.04310058132472
-153.39020377512028
-152.95006490043784
-154.26920434202816
-156.02554901961443
-154.92532218533057
-154.9732593220734
-155.39849764482713
