#L SPIN POTTS gamma Nt Nepoch Nmini Nini Nfin Grad
[8, False, False, 0.001, 5, 400, 200, 10, 30, 'RMSprop']
-151.0284396979768
-149.90969896760703
-148.74445201187416
-149.18202793192765
-153.67352849591722
-151.85635378712493
-147.0499342685825
-149.7717317590856
-153.65277479585137
-156.53401589421196
-148.82911530647615
-151.3998496005379
-150.74182953564673
-152.11530318403013
-152.80575584576474
-147.36933918600909
-143.8603555138988
-146.25243831702568
-151.1206969151605
-148.0443707466425
-153.2649787810236
-151.75244626537653
-149.8454416462024
-147.76262991532104
-149.8548688336574
-147.9817731515903
-148.4084928920251
-150.23176431400597
-147.5052526685231
-144.10241413559314
-151.2763731440363
-148.77968862349329
-147.49596804570982
-143.71496275624492
-148.26077980158104
-147.02353373349203
-145.49717243028525
-146.7925339544873
-147.13825083830884
-148.00717957764755
