-160.6983025760275
-155.35029237397865
-168.3717753800379
-161.44446936045958
-154.63554817068407
-161.2109256499876
-166.5976435640151
-159.22621604284367
-161.63605051122553
-148.8557273834802
-158.08144654268344
-149.03600888675314
-151.65596216826205
-147.4912015144097
-152.63931650415574
-151.30402246608722
-149.8592206267414
-150.23079922323205
-145.83807047543536
-150.12925564736918
-148.63119753673195
-145.33836569324563
-147.28537572810748
-148.02350097733873
-144.75357666614906
-145.90967232195243
-139.85746970626258
-148.3365008553266
-147.84199965161773
-146.39239804687105
-141.92554966384301
-142.41877926800024
-148.27474497271754
-142.40510821841585
-138.30225042551461
-143.29544740448893
-140.1859314165994
-141.26725758279417
-142.62008090916743
-143.86777607517894
-137.46268875928035
-139.07011765034426
-142.4995462956953
-139.38218033599287
-136.9126214739888
-136.96788151094572
-144.3745909090406
-141.5689725951708
-142.93915726222357
-143.60226497871048
-136.72091152438404
-139.74792033399953
-137.04918440280207
-136.35958363737402
-135.88088516024456
-139.36195830924834
-136.10451693064417
-138.6501818783509
-133.05390962186058
-139.01856191002742
-134.04988685461993
-134.92271974271213
-132.90602637958787
-133.60168004030626
-137.4647470727812
-138.8144596338158
-130.8948088094968
-138.51486544371946
-126.76455423758716
-132.15762276290306
-131.98038846711194
-133.4621146509457
-134.00827054417232
-131.91932276697915
-132.36576448371824
-130.0539980054538
-135.28850496009292
-131.07193437761032
-132.62037528348012
-129.67330800924233
-128.75864617043803
-130.7793616983077
-130.24325758703776
-132.4987645101827
-129.87977135153
-130.76211544598652
-128.6915995513486
-128.6386465091796
-129.76693789786154
-128.82155490070897
