#L SPIN POTTS gamma Nt Nepoch Nmini Nini Nfin Grad
[5, False, False, 0.001, 2, 400, 100, 3, 20, 'RMSprop']
-181.06614640117402
-164.62215658213762
-175.34884641860066
-167.4291381785599
-180.55058717070173
-166.93346880618594
-164.13363537730947
-164.9124185754033
-165.81808060438053
-162.9634729529985
-157.99021429093253
-159.83367271213467
-163.50268184764013
-165.7468872301836
-157.07734811608552
-168.65390622576095
-159.5191545982589
-159.15070804549893
-163.0595231874533
-156.21881889374404
-158.61610775956996
-160.1315973843706
-157.08001966472835
-163.97763582856643
-160.48536884922825
-155.40781447324557
-155.68161999548113
-158.66009005390575
-162.68156034047814
-160.10488372264982
-151.36925625720116
-156.71410383271754
-157.85604307216656
-152.78309061261115
-154.0202940997554
-160.4688386390339
-156.04516186824998
-156.64478813424148
-159.8465634223694
-156.9347135801035
