#L SPIN POTTS gamma Nt Nepoch Nmini Nini Nfin Grad
[5, False, False, 0.001, 7, 400, 100, 3, 20, 'RMSprop']
-179.0567893887609
-180.69186428317212
-170.0219615743458
-175.66118481136195
-181.1300622096389
-165.73889579945637
-169.6355121421844
-179.2169582702862
-168.69516034961487
-169.43315837027708
-167.63743369118023
-159.86755533350794
-162.15669121939652
-166.52588868785057
-165.6104714212733
-157.80569757844154
-159.72815320067565
-160.24641008629013
-167.18125203952673
-161.72942757683734
-158.2190363862357
-155.70827321894404
-155.23257658474355
-159.85061098939926
-164.45324759298688
-160.3255024792555
-157.6951076028917
-154.09088704091127
-152.02504568737706
-164.40942385341148
-162.6124419782565
-159.02804069123943
-162.75370170256141
-160.36507519840242
-156.23833407639776
-155.83150389286288
-153.94907891341572
-157.99350393335837
-156.65059285287526
-155.84786825763808
