#L SPIN POTTS gamma Nt Nepoch Nmini Nini Nfin Grad
[5, False, False, 0.001, 2, 400, 100, 3, 20, 'RMSprop']
-162.91289797271452
-158.29987601917574
-159.2674719386292
-157.633165929378
-157.78120678594766
-163.5896432325979
-163.6492229354408
-162.79115516416124
-162.0375332505757
-160.43635876206332
-154.78971638162818
-158.7435860405955
-163.76047707205313
-159.64641115837526
-160.9144147834864
-160.25870689920671
-158.4552558238994
-159.5006319027037
-157.53459058122317
-159.83910399188906
-158.62151857891874
-158.19822450340178
-162.0318222164722
-163.3611159033525
-163.45979907865885
-157.52096182410398
-161.2332870952316
-157.45545102091046
-157.25168548628628
-158.89402172348142
-157.1723322734979
-156.2907789633262
-158.19791755756162
-156.927455675312
-155.49940095375217
-156.69674003580616
-155.97992629864504
-160.78993934507838
-154.25241278329673
-154.5661134575602
