-180.34365705896235
-173.96964016867324
-173.3934729206586
-170.5251902345942
-166.03391230029638
-171.25705656745512
-176.52110355979312
-178.91116190700902
-166.03574806378643
-165.10113442387592
-160.65693525760403
-168.25688453819268
-170.28902389643787
-172.33884324848245
-167.15578298453897
-165.36457709412863
-161.64993227562277
-162.84888915417386
-163.23959440209234
-165.5385283505131
-162.66669793012633
-165.4186410695894
-160.41953712067328
-167.33089138445806
-161.44615948185034
-156.6367705067414
-170.90750782123152
-165.23297504590977
-169.08008605731024
-159.20143179850643
-164.37636399690467
-164.46601056422878
-167.0196525808451
-170.54626018437966
-156.7888424949849
-162.46124270139018
-159.76732932342514
-167.18234082468166
-161.41902234710642
-157.58617898642441
-161.9207128983378
-165.23180302463766
-158.8752867757217
-159.89039375892835
-159.93654518619846
-164.24165454548668
-166.38035069227186
-160.9502216200119
-160.7228356197693
-158.1140688611722
-158.69834420041144
-165.4323273462268
-159.04545344869905
-161.07481718930845
-159.4393816444174
-165.27614833658976
-155.7810030366594
-162.61293124264972
-157.94911619052016
-158.70784388809778
-155.9085403647068
-157.63892519015195
-158.2763089904501
-158.39072145619508
-154.94174348190785
-161.27926606898095
-155.25376953906107
-151.42874068132807
-150.67340571797288
-163.4944915534491
-160.6685445353604
-150.99662939912886
-155.46161798066987
-152.45852733670915
-149.73480526505674
-159.0855783655094
-154.7392561064946
-155.38772675547906
-155.28881970981163
-154.09607035920024
