-180.34365705896235
-173.96964016867324
-173.3934729206586
-170.5251902345942
-166.03391230029638
-171.25705656745512
-176.52110355979312
-178.91116190700902
-166.03574806378643
-165.61658027242257
-167.8190349441644
-167.57420534326823
-162.67311671959675
-163.85187470285453
-164.10895265628855
-163.16431026842602
-166.1329089031676
-164.0786159807465
-168.96225619258107
-167.0321465761847
-158.5360885322457
-168.5347843328788
-169.00721231652582
-172.1151380196602
-165.34313775399124
-168.13216800475084
-161.1412604731
-166.13381658075798
-161.54525992884135
-165.16379580372404
-163.97083758996047
-163.31387702201047
-163.92463486207237
-161.06641544655704
-168.02594479784693
-162.63807999905745
-164.79541045705275
-167.66916497744995
-164.26914229965976
-160.7540824754659
-162.64748420074335
-157.09128197397638
-165.29600144359023
-166.7811700632799
-160.7359813199374
-160.4045805714233
-157.4705884761923
-168.47461248704184
-160.62850367275635
-158.6833049430352
-159.57885256615154
-159.49213120895524
-164.65620460382686
-161.35632811068197
-157.3101017854593
-160.30688425726999
-158.81010359835366
-160.44113691571275
-158.05197064299568
-156.31045446170455
-160.79263831610885
-158.48199396942977
-162.25588679743444
-159.1361416742449
-161.43629536112348
-157.88625034168243
-154.87922876484976
-157.7516570205713
-155.57428730744707
-153.26024723692842
-157.50719188672943
-155.67377953841125
-153.8299838540418
-155.38462288101545
-155.98719666775534
-153.0953148625021
-157.34850191459324
-161.29140741506302
-158.82051284666576
-153.62371999217928
-155.60175664844522
-161.31495811657368
-153.1583458442338
-158.98226393838115
-152.82481168777946
-149.9680151667908
-156.31411877511405
-156.07242712143236
-154.51270131718766
-158.89800452459275
-152.8263893259464
-154.11277109587672
-155.29731618546015
-153.17020583447587
-159.02269074117197
-156.30142530969343
-153.4198839077334
-156.11492597699385
-156.10641423184978
-156.35351627378745
-150.43425814085924
-156.4233733869961
-155.00882562094867
-155.81590783065565
-154.5427597431151
-159.8046238001478
-154.09301619191532
-157.76130813465045
-156.66304800530145
-157.45753255568894
-151.77915735706694
-152.61763833956442
-154.0187949948072
-152.12192610058773
-158.8614087964719
-155.76950662185885
-152.57958950883392
-155.85457228660044
-153.97295149540443
-157.61809730211846
