-169.77733982300924
-171.69093097639876
-173.18812638752422
-175.64942877001238
-172.98186090091372
-165.7912698933871
-173.84303866490976
-172.28669301643302
-170.11675620095198
-171.17697443137516
-170.71435564389304
-161.7211448163728
-162.41280368109193
-162.04008310329365
-161.07671899919552
-167.71578205000182
-165.30710039556612
-161.55104009155576
-158.24826414192222
-160.81165399412663
-163.60400797168506
-161.046650723169
-162.59394652487472
-161.07764596117894
-158.08531186066287
-164.75114835950882
-162.9248211474174
-157.27056093956872
-157.38047125908568
-163.228961474305
-158.5195099799423
-160.76701571852752
-159.5414346638699
-159.6639887642253
-163.04007051326204
-160.69069818607005
-160.56688914313645
-158.99409338162073
-159.2880426948758
-154.6464392206013
-155.11864604264144
-157.94331832279593
-162.43773738948914
-161.2675194880955
-163.23341078408214
-158.33224073595602
-158.25418946497868
-160.73243289417752
-157.55161126105884
-154.52755919717617
-161.3785164502726
-154.97841747682074
-157.07897963877807
-155.2622014976342
-156.1792530659907
-155.94330884862137
-157.6524902044808
-156.2433323292461
-152.32081102486447
-152.2034897116039
-154.4363708581361
-153.25143693547358
-157.2930010607878
-152.84575708292164
-156.0005152747556
-153.9598472978351
-158.55006447423253
-152.73175515210596
-154.68407633691777
-156.00484772728436
-155.3514193874567
-151.26903878178834
-152.9828550813463
-152.34471559409167
-157.75958913350124
-153.50204749311348
-160.543933785334
-154.55512947071315
-155.25761576902048
-151.88722976823234
