-171.99248542247915
-174.4994593345851
-172.2282629506418
-164.90735305620484
-170.73445888895938
-161.60784581129823
-171.56070800587156
-159.7914495152564
-164.75366984379832
-169.03913185070556
-167.52004833696188
-164.99786353348068
-158.37687628412957
-166.77241055424528
-163.24267908651856
-162.42872423762526
-161.30834590122637
-160.8254222577102
-159.3185506670208
-157.6784726272737
-158.7812538391336
-158.11572671621897
-166.7360140359563
-156.67920855922424
-160.71882488883932
-154.5003577539062
-162.74324501192865
-160.78075467712958
-155.81969275816243
-159.62516288633225
-156.74042368269517
-160.02828139955207
-156.54025723302115
-158.67359861209752
-156.96522324358557
-158.66264444415688
-157.00826310663808
-152.1331752049764
-158.8575718765862
-158.1236044439664
-155.6734299267265
-152.75827637904987
-153.98754181526476
-155.4266640835094
-158.98720344460955
-155.2771408059315
-151.50010552336693
-152.9623088390238
-149.6455263754664
-152.92921506309546
-153.59603204354676
-149.37472415112373
-147.05222826916363
-150.6471164383295
-146.63257355879625
-151.94409979458544
-151.82218849406996
-148.84029331457228
-148.05720150816975
-152.5829621113227
-152.980361633816
-144.28098019998527
-155.12441288620343
-148.9829017784177
-147.06631027472315
-152.669674993435
-150.41216859903028
-147.85762405783234
-148.43253396752243
-148.03071913398367
-148.74822181421558
-151.73677987228345
-148.2395960563604
-148.49060191870788
-146.47936470869786
-152.268688365546
-143.88723269672766
-146.40388864593595
-144.0038656968928
-143.00650464779875
-146.82368619858568
-146.96369727064052
-146.64336378743877
-147.8362263810632
-146.75659343041002
-145.9184704163493
-145.50214705296685
-145.48023912770876
-144.91599577795725
-142.7476181072952
