-169.40332605338835
-164.51621405810903
-154.45561056190246
-163.5824318743607
-163.71416656905396
-162.76589152763796
-164.5616885969254
-165.51056367540767
-156.40436046985982
-159.9831953350465
-166.6840327310903
-169.68275495215693
-164.20589932050277
-163.1375901141223
-158.89540827361304
-156.1745364380919
-163.99665006946367
-161.97521806649658
-165.42032635201903
-164.02866725201267
-162.5306958678028
-162.74769436642262
-159.87054569462023
-162.09844943766035
-165.82945153731316
-160.0901461014393
-161.81435833051034
-160.26648596343588
-159.82369357322636
-153.63801699624577
-158.13124179224852
-156.8781323693574
-163.62053958417192
-158.69617686742376
-156.39025498680087
-157.64731350537485
-157.30488454352005
-160.34145610784125
-157.00431023376083
-161.41319804069315
-156.40707199955446
-157.29830633253678
-157.97780280093775
-157.8938118497243
-160.66242337612326
-157.46284159199777
-158.99709317751126
-153.25993016763528
-157.48551553515972
-156.1230240979162
-155.29879469657638
-156.80241397120693
-156.9171018450117
-154.2688024219913
-156.31924160742014
-157.14412723842705
-152.73026745660144
-155.38071296508778
-156.05654425574846
-157.41058870167538
-150.2628749249272
-151.058605720594
-154.9786779919739
-157.19458521726978
-154.80493513468517
-153.21831932548986
-153.07134470245597
-157.47826836251014
-155.77555516642664
-151.77415339855884
-159.4084244978
-157.90546683923887
-159.37979771493292
-158.93784409645156
-156.69425466323017
-158.539279374095
-155.18439010188968
-157.7140758926424
-156.2283940596174
-158.1185236747072
