-170.80150101642883
-171.73156796349636
-173.0694442343648
-172.25318570363703
-171.23634244191507
-168.89025630792324
-167.58557600575782
-165.7096550976699
-170.10862531452113
-167.28195750748188
-165.01460833503882
-161.88648009784185
-156.56269717698444
-160.92146172463987
-159.66084695283374
-161.3668622025218
-159.24936727553057
-163.78955094638158
-158.9075368434905
-162.07625869036605
-160.52111227587793
-159.95492150412053
-159.36938918504353
-161.87492136506904
-157.36175147785818
-158.17020501508185
-158.59257058460733
-161.07927804279868
-156.38564299609692
-157.22479117573917
-158.3108517870718
-155.1335023927168
-158.18457994362302
-160.68983800688065
-160.24753392479383
-158.1845441054856
-159.34871733569736
-159.7575558312084
-157.29468059232278
-154.4285766321545
-154.11886224630743
-155.5928578514853
-157.45787915299834
-154.42360421569674
-154.43588654287763
-155.68902126135268
-155.98337503037172
-154.87933933580572
-153.6480316355323
-153.3599338014309
-154.59111535997135
-154.08477585814776
-151.80948022916414
-153.9550119507043
-155.0643436478931
-153.71614004604035
-157.3559519171167
-151.96535144915438
-156.58940914075785
-152.78480245668965
-155.77542131253296
-153.21140174671822
-155.0134963516043
-154.07195050746512
-153.58244968268795
-152.2247800504546
-150.84595895419255
-150.3368492512672
-149.23850441671408
-150.88519932433923
-149.0930096244967
-148.43348095987665
-150.25699484304428
-148.89360105716133
-150.06042165572228
-148.7043081300039
-149.4110752915872
-148.69844255574282
-151.1767600638966
-148.12855761989437
