-177.9334644791368
-173.8956803221808
-172.35360346298143
-175.57801982071769
-178.76815114831177
-175.65556436314347
-168.9760467356266
-163.19346987290032
-168.24439012154187
-173.45338555537927
-160.8138307843663
-173.1679966792259
-172.9910350282171
-174.2930997289336
-168.32194936486815
-165.49860694160697
-169.23270468909885
-167.14215074447807
-165.02162702645768
-161.60332576112324
-164.84067234660296
-173.55881404447723
-161.05339654077568
-167.9585444545368
-163.88415481946166
-166.93661934549388
-169.45411947465135
-162.0968283387136
-162.98930837123677
-158.9041418916323
-169.8031415959711
-158.45996738646951
-162.84106947478145
-165.46468138308785
-164.7854569049164
-164.0424768763429
-163.64968005882199
-162.51541966363834
-155.5251115149378
-169.1630056678247
-162.19377157614406
-165.65779189364275
-163.59983000358855
-163.61481413477577
-165.91088834697297
-169.09183995667684
-155.90359902362488
-162.21886188023763
-160.07598650039725
-157.5581737767892
-155.68562511500969
-154.55546657950768
-159.57353517956753
-154.3461569736733
-153.88454610990644
-156.37388563483387
-158.95773778553803
-155.17752333246693
-158.14726951585158
-154.336605725404
-157.20991741483792
-157.8230389574385
-159.4545916022313
-159.49307749319115
-161.0260960277995
-156.39218497507497
-153.3332336719664
-156.0427783563432
-161.87847579789178
-157.39038332639336
-155.2971477345196
-154.77800901187646
-155.78037688154785
-152.77791866595862
-157.49729727684286
-153.36060987373966
-155.49335569246918
-156.0942719078021
-155.08821122055156
-153.14353192971492
-154.15472597529708
-153.98760172368753
-154.8773998017424
-154.95574871398017
-154.03476741752223
-154.87636130689424
-154.49135498785452
-159.35733359482998
-154.9657365064498
-154.11564491861802
