-178.46107255660857
-172.87476260127775
-169.24199267560948
-167.4020114997979
-166.84784255734425
-166.71304557354316
-167.38347360931692
-166.9593906840125
-166.50934181784902
-166.21636967905323
-166.1392263226944
-166.12598051762913
-166.98495575732588
-167.08058116584107
-165.7660380875185
-165.21058229934917
-166.59316984910893
-165.91869576018863
-164.91282487527582
-164.58675154578418
-164.6642328390931
-164.1813613954447
-164.40785096920482
-164.88210405372212
-166.15566632907613
-166.24253996276076
-166.46902192334227
-165.85279705140022
-166.75339490862416
-165.92913484555265
-165.20552897144307
-165.87359086288006
-165.53862090067435
-166.35786837134452
-164.98877291870417
-165.39556590143067
-166.0013447138526
-166.01685572351204
-166.17329946222557
-165.27717669379876
-164.9850007491413
-166.3838545393016
-166.3095459975145
-165.0723356704475
-164.0567576623687
-163.9635546255642
-164.39131397878137
-163.16350907687013
-163.26114451298824
-162.39591223215965
-163.06233098032573
-163.1884196659988
-163.10346933126866
-162.60254205140805
-160.5759513970052
-162.3483873594656
-162.0673861440493
-161.39643305181679
-162.14906685124885
-162.48705099671207
-161.96012640287287
-162.3136077838793
-162.2441836035589
-162.0027174573625
-161.4355429268136
-160.74732403148317
-159.64203254675053
-159.87748293500653
-158.91357011861695
-160.85999917924593
-160.15273817116525
-160.15310051041834
-161.5871605544819
-160.49141669535695
-159.51032770370114
-160.78146571147118
-159.7524999227609
-159.57655134598068
-159.73207807081295
-160.19572279479848
