-172.26094610640956
-166.25523464875943
-170.6813101468225
-167.06664836406546
-166.48509989925637
-165.707757987781
-168.7244408278128
-164.8611320171757
-165.24582715172087
-164.1664546289367
-168.20609635135557
-162.7884333853193
-162.17808593853525
-163.58808938703302
-161.56526864647367
-161.05864177472887
-160.61075040234735
-163.09187773059713
-159.64372432788622
-159.29300371815876
-163.68488815736555
-165.1787406107916
-157.54771435212146
-163.54510345786596
-162.4550942468264
-160.47452342114588
-157.11920909810672
-163.07845282098856
-161.8080564705285
-161.67557041081187
