-171.6997968320759
-177.72499711078027
-166.88280106055453
-166.49528082414218
-169.34670148785816
-164.21389288642226
-162.68319172279377
-162.6772249800856
-162.57840100361346
-168.81371063268986
-161.08863238704507
-159.3403504149151
-163.14998468137443
-161.1706148585888
-157.747822400668
-162.12861369350904
-162.55746043604188
-157.91195591779984
-162.53894229887067
-167.49489738895585
-160.55231307579652
-159.1967542925855
-158.7126633049033
-159.16249996041094
-157.7829947062446
-161.82679634717493
-160.0139552667125
-155.21371153398084
-158.92920438942116
-160.49153806098008
-161.6473908799666
-155.71010155190748
-154.0052946919509
-156.6777398392256
-157.45775601495623
-153.8469913580537
-156.3431701299176
-151.08559180220175
-154.88828937742625
-155.99746246491276
-152.22473356158827
-154.11551817884873
-152.6768952694452
-155.48181913357055
-150.34905077400217
-154.56292359621372
-151.71039340247876
-151.0941395293018
-157.9865751128407
-150.27275055515642
-153.25455421200624
-150.9502440236499
-146.18872630591096
-150.00022251239324
-145.69605545205656
-152.16947762117542
-150.12881906019203
-150.8383556164064
-146.92477910779354
-149.366511709022
-154.4231665279071
-151.96986790738774
-148.81227270987875
-145.1789955899684
-147.08514428222819
-149.59849471043964
-148.0375169207201
-146.51946121926153
-146.10120446901024
-145.0683139284368
-148.80030767204588
-150.36460671756493
-146.13816309501954
-147.9255315195045
-145.45412760043138
-148.57941285047332
-145.63443687318363
-143.9687393299576
-145.78412809999887
-144.32306904107833
-149.34814477058148
-147.04251741794067
-148.3925265169556
-146.86732187823253
-146.28503622285336
-144.86560601509217
-146.72165627679152
-145.2492964618194
-145.2396734975521
-143.62056997314656
