-179.4724045114348
-175.03839284668985
-169.0763113600162
-170.44484994576175
-172.625176194647
-167.4391531784014
-167.4496082546472
-164.95049661253873
-170.47016874529191
-168.96592817277278
-159.06029647164618
-168.2866845894119
-165.0023757885971
-166.5738303001667
-166.39584133807838
-163.00851516166776
-166.29921066429714
-158.7826342116056
-166.2171546560197
-165.91742946224437
-161.24650204258234
-162.05927589841673
-165.10680869445173
-167.0760204861993
-160.73734153752383
-161.16356053757264
-162.84276845928812
-160.12159525700218
-161.59523996506806
-167.48222125842182
-164.0176122955821
-165.02565956321
-162.79831282696128
-156.88562364245112
-159.5186766630325
-159.36843759634206
-156.7714156047894
-162.00049057692846
-160.04084885927554
-159.64103742509596
-155.6149316573584
-157.99561856288753
-153.65899521404526
-159.52049433534782
-159.8811828450393
-151.75455388318187
-158.88164993865175
-160.40436016721338
-155.4082193726708
-160.00866953616284
-152.71463710199643
-158.34916721218175
-156.15103492378267
-155.88915938775745
-157.41574948325794
-153.10330065149694
-151.90984241532294
-155.3078043985709
-153.04930206125815
-151.58703577783845
-154.6962394986864
-156.95222129193056
-151.92949836658258
-153.90438082654072
-158.11712127334422
-158.20420221015965
-155.19319672904606
-155.1950286508336
-156.81566887121554
-155.30662740918362
-154.4873051993429
-153.3658688594326
-151.8923962261596
-153.38223685210224
-152.83841301653297
-151.6340713649309
-155.1426607849457
-156.68993685981164
-152.2767973846972
-155.7733606581629
