-180.34365705896235
-173.96964016867324
-173.3934729206586
-176.3114091472085
-175.67314962699407
-167.0270804260983
-169.85049760154075
-167.09296673234033
-164.16813886445195
-167.2185107752537
-162.13948542931922
-166.76360406381286
-160.25992626179416
-164.86718520526378
-168.78974854834993
-162.6484655280255
-161.82225728589825
-161.97134199006868
-165.79179544466913
-161.68557987724162
-161.19530699890268
-160.39939649551442
-159.96102345445243
-161.62527092711431
-160.68467948176493
-156.32054986945508
-158.4491776228699
-165.2048453783061
-163.19112512531046
-162.5172481204507
