-167.79854884037545
-162.2290976842398
-159.73303106572934
-168.15476467845133
-164.82104501572718
-162.52243103436209
-160.0374110062954
-162.62651613440437
-159.80832591591917
-160.19911070549105
-162.8288789081422
-160.73839314025582
-160.3198745335489
-163.7292057449404
-157.6942111185571
-158.7969534638517
-160.3786625859603
-159.06084605082214
-164.2287408623696
-158.3200151773871
-160.47917663485518
-163.20592881558994
-159.68533946515802
-164.5414992681511
-163.65369114796303
-161.54889287965727
-164.9982708495478
-159.85448387440016
-157.46602473568535
-153.81922878673507
-159.2128527577896
-157.31288544522957
-162.0798536000363
-158.8969577583417
-159.16365760392966
-156.2595165824222
-157.03305258665014
-162.07146161064844
-160.4288741202758
-158.92921602208213
-157.4195070788251
-157.30161891122052
-158.41402854031907
-159.9966062281695
-161.64188624307945
-157.99153278856886
-159.74628011253455
-153.95065164783225
-157.7665935954841
-155.9822763198957
-162.04137267372224
-160.68810046851664
-159.10979749078322
-160.1951247384633
-156.14066105224424
-158.27856217313777
-155.14978832257424
-158.14009769316854
-159.007245203366
-160.60031265812745
-154.01504307873253
-155.6245265705245
-159.23512490378283
-155.96222961909874
-157.94739032985217
-159.504903836315
-155.12556712543005
-158.94159020707042
-156.59876482057038
-156.34556353653434
-159.08192925509525
-157.14982056403977
-158.96172324430046
-156.6999265849184
-156.92603809930674
-155.93255398605532
-155.87887873782105
-158.5050938846415
-157.3292520177587
-160.5985579312103
