-181.02358703296872
-182.8005263358228
-172.39219538733926
-179.98651796423454
-177.33449824487803
-175.01760088662968
-177.1634767559032
-178.71822556068065
-175.7613433564412
-179.16201719781552
-176.7841259903865
-185.3256924764169
-178.4519551161607
-180.81934888674698
-173.66091961033612
-176.40981503339117
-181.13104012070778
-174.71588780409678
-175.89637139736044
-183.0487421113173
-175.45200103575243
-171.19428757877785
-182.52955364048884
-177.04306892342836
-175.71560536146058
-174.5107215730582
-177.7162084436735
-177.40716505792554
-174.1845556767798
-180.80450869897172
-175.17657183580891
-175.08925011945047
-176.9183546582632
-172.8854465538556
-176.10909074081857
-176.79387684065904
-174.81428401083585
-178.29247379747167
-175.8263383105495
-175.77416663278117
-177.0913587359785
-173.95288687492587
-171.29910129082617
-178.04607149515897
-176.46618787345423
-173.999458336611
-177.79012758953948
-176.75559453857664
-172.46155962114545
-174.36063300910843
-173.43395329580588
-174.718624744036
-176.99076249931971
-176.35684118941427
-173.9590585004942
-171.80517140148393
-172.81853651542446
-176.1587564990204
-172.86337103249724
-172.3769880207008
-173.5657747547811
-172.85949953702038
-173.9786480182998
-174.24163716173058
-173.78958077242345
-175.2002822405839
-176.0115132406679
-176.5786823860312
-175.1415451361542
-173.93455574243507
-175.42532934316515
-174.0542481408861
-173.37751031572918
-174.01221099240217
-174.62090799143067
-173.24861196907187
-174.57997076705257
-174.32024710093577
-174.2018004252564
-174.9438599505648
