-170.80150101642883
-171.73156796349636
-173.0694442343648
-174.7148350451137
-168.42495311700753
-166.9859017470558
-172.46924632260888
-171.51686079264158
-168.69811955634546
-169.21857543356506
-171.12537598599747
-165.41931528896205
-164.78915890665712
-161.92578029919736
-160.4067958058571
-162.67749801555166
-166.30168483524912
-159.4603120734853
-162.88033506861058
-166.73491041613525
-159.6444258231732
-162.76245663779582
-158.25736471161335
-161.49741549359936
-162.37987036726605
-159.58118807765825
-162.90117943472666
-163.43750612562036
-161.46180040661147
-157.14930025024833
-162.4796563733997
-161.34808013884484
-157.1589098030479
-161.3850507200744
-158.71755082061372
-156.49187008620646
-157.1434619385266
-155.776217670032
-155.84197536261328
-151.99026951636046
-156.85861370294657
-159.63179114756892
-153.85252250454707
-154.95139835310758
-152.92705506734654
-152.90407876101884
-155.56626692080417
-153.32503972021152
-153.82686717651683
-155.36632788731717
-152.14571867385382
-153.3116717123936
-156.61747043162356
-154.4350426056348
-153.26226203213895
-157.2497872070776
-151.70685327052718
-150.52785681581037
-153.07175453117696
-152.3741682892362
-151.55663330976108
-152.4741975168719
-151.9385234437586
-157.8937620200854
-153.61278336832274
-153.4980533791228
-152.839990935147
-160.4402251921004
-152.6199812660247
-151.20761972017615
-153.29275362386923
-155.04109572051107
-154.15051701227307
-152.55970930192723
-148.61386369827466
-153.86266483205262
-150.48316744520483
-148.02636353722008
-148.73013518845408
-155.68756746013307
-149.26182189742457
-151.1853222284229
-154.06234629977234
-149.46337186321782
-151.8090421001983
-152.33835393882038
-151.1927569453758
-149.91426288335163
-149.784280536631
-155.67859707134147
-148.4694277215813
-148.98110211448105
-154.1178802457241
-152.84916443605536
-149.5143160168561
-155.04808090429077
-150.5953360203604
-151.72306782286265
-150.64684506454483
-151.132815191428
-155.2138085505274
-149.31231081741828
-150.7808430505683
-149.973981030697
-152.72939191581187
-150.6062700689598
-148.29107177233615
-150.31616868700155
-151.32333364679067
-157.829354852041
-150.58688585019766
-152.36267710277636
-154.5253715396848
-150.7790691602579
-157.45526347404055
-149.7855012994916
-150.33755436465364
-154.19759943748426
-153.09614359615077
-149.25527949169305
