-171.83068973878898
-172.339596352945
-170.583028828697
-166.99571072058555
-165.87481943899348
-166.3047602036351
-164.84933228083148
-162.99420914483377
-163.25424893141633
-162.60937718170408
-160.42347503162335
-163.7695971949996
-163.71069272625417
-160.2921796642562
-163.0199473318893
-164.5147146988574
-169.13787064557408
-162.72522988689093
-158.95507777756046
-159.6075465770998
-163.94523652855204
-162.7934459385808
-158.63334842276626
-159.1451875606995
-158.45464078060235
-162.31651045700733
-156.68489653571714
-159.5885815083323
-165.45991478838187
-161.99300353152432
-164.96103631798303
-155.9304666190749
-161.22145895358327
-159.31221897487484
-158.05968941471917
-153.33125688927075
-158.3063114376349
-156.62609670922512
-157.1765191036812
-161.77111195629632
-158.82720775143372
-156.59929947595018
-160.64172654377518
-155.1490635754595
-160.3420047158537
-153.17300287861588
-155.39444174725048
-151.05608941106223
-156.31370489199887
-153.9067432340869
-158.14112239319041
-152.27259586041941
-154.6507509104978
-151.9377147661341
-154.8992737103052
-157.35592365316822
-150.1924181637086
-153.56216788152648
-151.71299616756147
-158.36881059762055
-150.85534962887718
-151.92058727091603
-153.97736581242626
-151.77929692539473
-152.86910445038885
-151.11391380639915
-154.33499470398547
-152.16611546667244
-153.8767203022012
-151.31772684805784
-153.34687915419923
-155.96295363320476
-154.09297868112367
-149.28432756622377
-152.01111972878834
-153.59892401062578
-153.7127637280426
-149.09360323595334
-154.78518749302847
-150.24845679048582
