-172.26094610640956
-166.25523464875943
-170.6813101468225
-167.06664836406546
-163.4007459502197
-163.65721297129718
-170.4497011900151
-164.68184394150066
-165.60269379591796
-166.09485115825927
-166.67750846968983
-164.10862920837005
-164.83883669387657
-163.2233642803815
-165.11520863560565
-167.01716077123885
-167.93322510946055
-159.3639955164931
-163.37696216193484
-165.0455998921265
-168.17464884484582
-166.29942804211169
-167.14188717116988
-163.62080574134254
-167.09131245162956
-161.45692704979285
-165.42653825970964
-165.49900343810626
-162.12185501889684
-164.76291169947874
-161.4492504407456
-162.73401063903532
-163.5998754762814
-164.6697921335942
-165.22995704360636
-163.02907957497337
-165.60191889374101
-161.445439723279
-163.71572706223708
-162.08050179560075
-159.54246458808134
-163.8581770448754
-162.37519521364388
-160.11177369799526
-163.77209639403594
-165.5754938362782
-164.45055824772263
-159.6743660653472
-160.96756746716554
-161.95949480788124
-157.85899814607015
-161.92163927468428
-162.00259950407647
-160.2995447872424
-160.38048006304328
-162.31200918931472
-164.20627173564236
-164.1726820437067
-162.66067125641825
-160.41605616736172
-163.3378985130572
-157.98838366852286
-161.81733259607543
-164.05245033433704
-160.7011963688044
-161.90475198582487
-162.29718790647135
-162.68266009650435
-162.51550737361566
-161.064736943769
-165.37394377091346
-162.72842551980307
-160.68790373458148
-160.27786925692038
-161.36970843167597
-158.58841315662156
-159.2126501131571
-161.47836362162886
-162.5335294055055
-163.23134171688724
