-168.86829420570638
-172.76823370946036
-165.74704793499862
-174.32869752569502
-169.95952480349575
-164.44425429177736
-169.9495197491132
-166.74879994434903
-161.71186149407333
-167.93982681233257
-165.16928580708645
-162.3143827639054
-165.81735568297213
-159.8620886511252
-162.04861112428975
-160.07266899991757
-160.93633905179465
-163.9172859091353
-157.78451362301107
-160.98141973291217
-159.96333860734572
-164.5155855578537
-156.498821169238
-160.63687585264765
-159.5869267473145
-160.34172683246896
-153.55307615573878
-160.9530953296131
-161.00456125827492
-161.83400846474174
