-176.43004195446088
-168.04163748540302
-173.05426052613026
-168.79964775349387
-165.04676552051512
-164.92713490892416
-166.55599756235048
-166.26946569392845
-164.4669743144729
-163.41949815156335
-157.87392322054254
-160.5798537436871
-165.97368148456766
-166.99724113913717
-158.0324949546456
-156.2612927946397
-163.66579574882573
-161.60241475787768
-158.06297682168588
-153.86393072354926
-163.41337955754372
-155.48988918703128
-158.58064545347221
-156.08652262725988
-163.49222656159117
-158.73887997369746
-157.17511809574845
-158.9830685616918
-159.05639518595757
-156.22767913438108
-155.3841930922022
-155.71846411368105
-155.76335611455224
-157.09247610121827
-154.73523938137248
-153.53496090816037
-156.57859625561272
-155.53121002765917
-154.88571393302146
-154.8560236856409
-151.33832461547073
-154.73126584334037
-150.9934962682407
-155.04821171774753
-151.54878659415294
-150.38068407169706
-158.51795640734335
-149.34284344300667
-151.34326200333314
-147.76942809786402
-151.6650986419311
-154.40933063965835
-154.7770722831866
-151.93411327543316
-155.19837917652643
-148.68388965209954
-154.2704429803626
-152.51890445159435
-156.55333426610667
-151.0613484647479
-147.0873222818068
-153.3669204579784
-145.3295678752501
-150.30143722847512
-150.56790229710384
-148.45073837035602
-149.10763007902628
-149.15116206324487
-149.69139663213167
-151.61148697153652
-144.7817700927256
-149.58923327929878
-151.01532431203722
-151.22632389461268
-146.82701607672837
-145.3288273556149
-151.8297734064735
-146.10929483158964
-146.62303653726883
-148.74223912389763
-145.4034449218329
-143.60242295242614
-145.9333966986854
-147.1018970883699
-148.56501832717046
-146.94954266692153
-146.79499353322498
-143.82495447568044
-144.12199604653367
-147.260475462273
