-179.50291671364724
-169.27743489242033
-161.9158672217921
-167.68286360588638
-167.90823200698648
-162.763755497352
-167.84868332868908
-171.4887455209056
-171.25458709119832
-159.30351381695655
-171.7957745333491
-165.4597612395561
-161.86248668985175
-162.3670745464073
-165.89737127012967
-160.83707138880456
-159.61359114705175
-163.08652238924506
-159.19279131156057
-162.90662558999603
-165.7940519278059
-163.3328303720834
-154.7739597968835
-161.62129311021292
-155.80685272080086
-159.3015369907797
-166.58005006308676
-163.56049309812067
-157.97875878139513
-156.45342466128628
-165.41674001720185
-154.4967930872292
-152.186768360181
-156.65164657589906
-154.66731063820592
-154.65829309262932
-155.1442343438448
-152.0444370633197
-153.60172065436558
-157.8587687460038
-152.61541860982277
-154.1746059287657
-155.48077171900331
-158.45166232489936
-150.6751146375622
-151.65347105554287
-151.22807593859898
-151.79007632502604
-158.26027961566555
-148.7070691370439
-152.84277714741935
-150.77846156817628
-149.92684440424335
-149.34520973376374
-149.09518861801195
-147.482862930811
-151.20930283573554
-151.89420048439922
-149.16675259329875
-153.64804957529412
-154.19976262711901
-146.2608341465894
-148.54549883444417
-146.717149732275
-147.9829217190434
-151.30216861586953
-152.6970760179071
-151.3214888718332
-150.84781536964474
-149.34191914072446
-150.15725810838944
-153.472292126067
-148.09097373448512
-149.02207274862954
-150.6528521322781
-149.87036692250038
-148.34958381198499
-148.43863883415312
-149.48478145940248
-148.80567450089134
-152.38407667026675
-153.42055568004565
-151.98504258435523
-151.38864660223587
-150.21660876604616
-151.2352540012853
-151.254591398137
-150.13264087171365
-148.59184248198366
-147.02842891170698
