-170.80150101642883
-171.73156796349636
-173.0694442343648
-174.7148350451137
-168.42495311700753
-168.0557537522822
-168.20250370372608
-169.12457112206744
-168.73052537113435
-168.1994864838126
-165.37907545287683
-165.06669860520952
-161.8127221789503
-163.49578470134225
-162.03879185086882
-159.04195588615997
-162.11347385843473
-160.49832292445353
-158.85710128484226
-164.03288125380521
-161.26115978646712
-159.83880616116625
-158.81887361415227
-159.81993354671457
-158.72050497602513
-158.95040682930068
-160.07459992890418
-156.6390035006017
-159.39166771721173
-159.53745356429744
-155.0273228331218
-155.31763674519732
-156.30754940207936
-160.82444912385256
-158.83427983428373
-156.05572230242666
-152.80467539679736
-156.28236923780915
-156.72183841835528
-154.92798222008375
-157.9015501520345
-154.88187520043385
-157.54018204357197
-154.54204352563076
-155.03952169497236
-156.326302765088
-155.89964555990665
-158.63818190702577
-156.39777600244005
-154.88142051448014
-156.46178236451104
-157.1561719342744
-155.79571789537383
-157.86836688453332
-155.38253863116074
-152.15320045796278
-151.4668864983694
-153.72479534180331
-153.49180124821422
-151.313974410063
-152.26323016057188
-150.27539810561828
-151.36447123134204
-152.1055575650958
-151.0632760664533
-153.07439528830656
-151.75092616453824
-152.74101727367272
-151.92363579571128
-154.60455681573103
-152.9336476210427
-149.64490577529156
-152.14175103899433
-148.4105581961413
-151.53364278581586
-152.34482485778906
-150.72201526086778
-148.7201753683925
-148.75424771586
-150.47030632221174
