-166.36845964451277
-164.54970713864944
-164.17585382773223
-160.62537227367076
-164.7587049815876
-162.73382225447185
-164.61177408704333
-163.17291645426045
-163.9386396424492
-164.2464408191587
-163.56585841449018
-163.06371751161572
-166.2105914300918
-161.84147758600284
-159.544432206639
-164.36477123647566
-161.32638085825513
-164.59139523872733
-167.46841557084565
-164.82579324435724
-158.72784884460083
-163.68041680700978
-162.10602333509192
-161.71999906455278
-163.426461878846
-164.19142191394033
-161.32031945299943
-162.23489600211678
-162.54952118523218
-165.1477131504383
-163.8337446358031
-164.73939590605804
-159.7079427474986
-163.3700751092086
-164.6845730414793
-157.89305112472766
-161.82177388087138
-163.06603023655381
-160.31428337318889
-167.1153695468574
-164.55972505702655
-162.92104840861148
-161.40745849017026
-161.88715565839158
-165.67973635094293
-155.89092429192738
-162.34870597436165
-159.94619018042232
-164.71578057922196
-162.04949357577772
-161.56807906719112
-165.27556226213036
-162.9899923749827
-161.79344152586617
-159.7077203010059
-163.79698835400166
-160.5456849741462
-162.12646537018887
-160.56697426956936
-160.62507683786905
-158.67379903677212
-162.82483036111734
-161.77258903251325
-158.98831921420447
-161.3001045841297
-161.0960155948257
-161.89989424434626
-163.7006349044858
-161.71442014648812
-159.967214536088
-162.90383088361514
-162.61312796987878
-158.86801037329198
-160.01154834093964
-163.61790850233973
-160.56742835811863
-160.52072023581994
-160.39764070337597
-163.28536259335817
-159.1010767401426
