-175.11464638365604
-171.95950623537234
-170.0857999299673
-167.9824721627792
-166.45239708807293
-166.83292190754617
-167.12485129860883
-166.33146634157308
-175.3494782916919
-167.02844469626487
-170.97950981359634
-167.67788212813278
-165.61729310064462
-159.92963156429855
-162.12734426671017
-164.18258759529607
-165.389856907064
-163.92637949503757
-162.08675125006783
-163.99744873662186
-163.1331252044893
-163.72342482827838
-162.17891213529083
-162.05514103289707
-163.7266908728501
-164.88036961364267
-166.95454922917958
-163.7818246474894
-160.52344435577763
-161.8010465769407
-158.2798283665524
-160.46777524611528
-163.6491262792321
-160.8677556989469
-167.35125880824475
-160.3843793672562
-161.12259963064307
-162.15646041241627
-170.9199203654903
-164.82742773210427
-165.48708645464464
-161.67809424184685
-161.3054350653409
-162.32915717042005
-156.38102328351286
-164.45698018621115
-161.44794009232123
-163.76259932994463
-160.05886356736286
-160.9307449666908
-157.06442736853325
-162.9815305629115
-162.2685157567181
-164.474706394459
-164.12234204803192
-160.2062384609332
-161.742484149389
-161.26618953743994
-163.96425262993924
-165.74288005746823
-160.29531437237387
-159.8489997528738
-159.4574058214682
-163.9132400866263
-164.78055785434728
-163.86411070230574
-162.42289737491728
-160.03880830851858
-157.90948130096066
-164.6513965466059
-155.63602519226637
-165.0995562919888
-162.01040185846804
-166.5598812708252
-159.78531438182966
-166.92514756908741
-161.92616282983155
-157.27464702574616
-165.26253573032952
-158.74762702733193
-161.17229257502302
-163.08952190368893
-161.51374826361047
-164.41633030262005
-164.71767579898227
-156.80392671936048
-161.65655921689958
-159.77684815157053
-163.36791798944935
-166.21446826561967
-159.33480696567472
-161.87341404920247
-159.6511780222478
-160.8109173819315
-164.89942320493202
-157.46671424224408
-163.06809477855074
-161.5535202581408
-161.44720821853946
-163.59475462357224
-161.10814825560198
-159.65316636477763
-161.54983280707995
-162.06466656281293
-161.13317310762656
-159.32361702409568
-162.09176659669154
-160.5514849025366
-159.49431389965557
-160.12717944692687
-160.75631338179556
-163.94877781088408
-160.81032022665724
-157.35856185805937
-160.44330679378757
-158.90519567359667
-161.98099548476566
-161.98770832160417
-164.89155200189384
-162.5156462692016
-163.69114539438584
-160.9857119986043
-163.17865278494997
-157.44949678204776
-165.62708830421053
-157.8806418104844
-163.62135266362284
-162.24366829495204
-160.17173578348763
-161.8853590784466
-163.92830891418637
-161.1876006242873
-162.45362541396727
-163.83136905842727
-158.07663910288488
-158.47900966432556
-157.7966776729213
-155.84935814387927
-158.46105666531827
-162.94397510839633
-156.94391280351235
-159.57050192424032
-161.17882517409643
-163.5982726868284
-164.19668623674588
-158.5611359633743
-161.22960024862832
-162.03722539164437
-163.23767385462605
-155.2814493737541
-162.88551307506373
-158.33510572342607
-158.485347640987
-155.72975936920037
-161.52566694648436
-159.36974370581632
-162.27188072305393
-161.71135350734463
-157.42926061302117
-157.94811424709934
-157.6259219561109
-156.81812756193625
-156.5094386537632
-155.88270783245693
-163.94203893279638
-155.61778394407844
-161.755799718506
-161.37386384861296
-159.27545505581676
-164.9265553179985
-156.46702520355757
-155.54037906867583
-160.9612357098812
-156.48184587064898
-157.3986612301156
-160.74782200461325
-159.22837025677654
-164.12508747769806
-156.3123173945005
-154.5887053018506
-159.62060838230744
-156.6369328320218
-155.20224319161755
-157.98646719811128
-158.92395364223896
-159.62732931139968
-159.26294862557225
-161.169948673925
-155.66355781764298
-162.591299694085
-158.77215992827448
-156.69706558081654
-156.23881938939587
-158.03087270131832
-158.55812168201624
-159.90400833605827
-157.1066272325982
-160.67964503580765
-158.00414105273205
-162.22915175272036
-154.81663622999787
-160.66964749486095
-160.00039676316166
-159.778845128455
-157.95138349033323
-165.21803734325664
-156.67408026920026
-156.88598989132836
-158.1974603255293
-156.5328416093851
-158.83430174632673
-155.44541359032175
-159.05375975741237
-160.41721447156124
-161.40841096625883
-157.54396569966127
-160.86830638023858
-162.23032896260202
-158.4229077009479
-161.87645711985417
-157.44483580647065
-159.84609417548566
-156.5272749095406
-162.4914316743908
-159.27643114616737
-160.73539357914433
-160.59163558134065
-156.97617475758483
-155.41304810973642
-158.5720824717281
-162.2909730539379
-164.49517190873766
-156.3689227644047
-155.7190580863569
-158.1963884231232
-160.87904408870222
-163.4702048905692
-160.71449297741557
-157.9452197596439
-155.35040324033974
-152.77650262273454
-156.30438688543876
-159.75736453513832
-160.25430188582678
-156.22761122078828
-159.66843593221387
-160.80838184846607
-153.25194662300777
-155.4620869238415
-155.23935503385945
-155.02691013818867
-155.1961619487623
-157.50375969596718
-158.59991422344385
-156.23140276875614
-156.46489268186787
-158.66454025871775
-155.93020428986884
-158.04170878116534
-156.26270565854912
-156.86584711880872
-153.79316498956086
-158.33744127666776
-155.05188266016745
-160.26787556548302
-156.9023206187875
-160.8508532791557
-160.20588891113695
-154.8100915966124
-158.27048745148866
-159.79257442505826
-161.01150265218138
-153.6077144127395
-157.04480167364702
-156.24358686661967
-161.316973137955
-155.48861199443354
-161.58575575196065
-160.0018221917431
-161.65279609984572
-156.1782555563754
-160.13000716481505
-158.81709595621044
-155.38419690077018
-152.73740422500663
-154.35962765083562
-161.78998839685946
-165.95053206334325
-155.98011684493443
-158.05375054770744
-159.70001726810665
-159.48730263855123
-157.42602070659018
-158.15362858664483
-157.4138716086592
-160.4977728803403
-156.0340124959605
-156.9844031657516
-157.7424716876471
-159.49715864823506
-155.95858144324686
-152.14307113902723
-159.07515878965322
-161.69485891633772
-152.589817841745
-155.79431599417504
-154.6629489007308
-154.8578305237156
-156.31486913025012
-155.73322416945967
-157.55358921804861
-155.63653194259174
-155.48355550070465
-159.2297801695709
-158.1732472236443
-155.5664559001906
-156.230889870676
-154.50117443635324
-157.21591449041262
-157.47310677455977
-158.7553694485042
-152.50978813806182
-154.6756515816811
-156.23592612563618
-155.67762762843282
-153.64731341389427
-162.39558782805946
-153.14363308672364
-155.11403526208636
-156.05258147975266
-157.05114156153488
-153.97186154102482
-154.330480405696
-159.66016043885088
-156.84407333171296
-158.77123633021242
-151.48610669839834
-157.05805438148965
-156.5521520458087
-159.4510906980261
-155.5663437761099
-154.759368507112
-158.33365516049722
-156.76961602756344
-156.59427456945434
-158.13272616486472
-156.67178023540694
-161.92427929090542
-160.53240912755632
-155.74476185299363
-155.22071090108705
-163.62434479485054
-156.87912361492184
-159.33113938010473
-159.24245436277724
-159.09440879682197
-162.12011670378362
-156.70191372972036
-158.23252055187803
-158.51785363474474
-158.42274656562907
-154.94108077708765
-156.561622478506
-159.91509852441328
-158.94033424606567
-157.1009653486407
-154.4874783682501
-163.2330596377944
-155.8296290030495
-158.17288261066605
-155.085152322059
-156.22178337153187
-158.3306454786998
-155.76362743214665
-156.2570762368566
-159.52722770905575
-153.44318552529052
-157.39888903861802
-155.62772252341412
-158.1259604253871
-158.6648659122487
-157.04979119165756
-157.61843735864346
-152.25717175670027
-157.33178435676277
-154.18071225966787
-155.50594627302777
-152.84942829827665
-151.89920375583313
-158.12052855210345
-156.5570108862911
-156.28764656220872
-155.14883543723235
-157.2276636943218
-155.61758298905409
-158.79506918735598
-155.82338655523358
-157.41864488303895
-160.01459871989
-156.60171487573467
