-176.47233564824862
-173.34524577304478
-167.94337989077616
-170.82164025786977
-168.07739770031154
-166.14178696032204
-157.77208626893125
-163.7847389863564
-162.50042190465217
-159.476655326416
-162.97864128346754
-160.73008405043876
-158.80039183416127
-161.8556195198721
-160.3312948248012
-163.5507953304166
-156.14769424613326
-155.5179649110087
-155.50481419917577
-160.0628348091276
-156.00185521358503
-154.06935435046935
-160.63420197477413
-158.63731224271106
-155.76665685365242
-154.73340307640777
-153.51401026089084
-158.63882924387013
-153.4877144092421
-152.4284402614149
-153.81707504737022
-151.30349500298468
-150.1108341760551
-157.5519240920202
-149.2833952528627
-156.32045921866325
-151.5269488685197
-149.19558750142147
-152.01714660967204
-157.190194259219
-153.03923278708768
-153.17656852379912
-155.6639293973384
-153.9066442951596
-153.59326278796263
-153.6392513628535
-151.715797741399
-150.16930936016038
-154.94730814057732
-156.95331435730242
-153.9816516387301
-150.80188608712226
