0.001 30
[[0.1    0.8824]
 [0.2    0.9064]
 [0.3    0.9136]
 [0.4    0.9184]
 [0.5    0.9136]
 [0.6    0.9152]
 [0.7    0.9024]
 [0.8    0.9152]
 [0.9    0.9096]
 [1.     0.9024]
 [1.1    0.8952]
 [1.2    0.8992]
 [1.3    0.892 ]
 [1.4    0.8936]
 [1.5    0.828 ]
 [1.6    0.8584]]
0.0001 44
[[0.1    0.8872]
 [0.2    0.9144]
 [0.3    0.9232]
 [0.4    0.9312]
 [0.5    0.9152]
 [0.6    0.9248]
 [0.7    0.9216]
 [0.8    0.912 ]
 [0.9    0.9088]
 [1.     0.908 ]
 [1.1    0.9136]
 [1.2    0.9   ]
 [1.3    0.9008]
 [1.4    0.8848]
 [1.5    0.8816]
 [1.6    0.7   ]]
0.0001 44
[[0.1    0.8872]
 [0.2    0.9144]
 [0.3    0.9232]
 [0.4    0.9312]
 [0.5    0.9152]
 [0.6    0.9248]
 [0.7    0.9216]
 [0.8    0.912 ]
 [0.9    0.9088]
 [1.     0.908 ]
 [1.1    0.9136]
 [1.2    0.9   ]
 [1.3    0.9008]
 [1.4    0.8848]
 [1.5    0.8816]
 [1.6    0.668 ]]
0.0001 44
[[0.1    0.8872]
 [0.2    0.9144]
 [0.3    0.9232]
 [0.4    0.9312]
 [0.5    0.9152]
 [0.6    0.9248]
 [0.7    0.9216]
 [0.8    0.912 ]
 [0.9    0.9088]
 [1.     0.908 ]
 [1.1    0.9136]
 [1.2    0.9   ]
 [1.3    0.9008]
 [1.4    0.8848]
 [1.5    0.8816]
 [1.6    0.668 ]]
0.0001 44
[[0.1    0.8872]
 [0.2    0.9144]
 [0.3    0.9232]
 [0.4    0.9312]
 [0.5    0.9152]
 [0.6    0.9248]
 [0.7    0.9216]
 [0.8    0.912 ]
 [0.9    0.9088]
 [1.     0.908 ]
 [1.1    0.9136]
 [1.2    0.9   ]
 [1.3    0.9008]
 [1.4    0.8848]
 [1.5    0.8816]
 [1.6    0.668 ]]
0.0001 44
[[0.1    0.8872]
 [0.2    0.9144]
 [0.3    0.9232]
 [0.4    0.9312]
 [0.5    0.9152]
 [0.6    0.9248]
 [0.7    0.9216]
 [0.8    0.912 ]
 [0.9    0.9088]
 [1.     0.908 ]
 [1.1    0.9136]
 [1.2    0.9   ]
 [1.3    0.9008]
 [1.4    0.8848]
 [1.5    0.8816]
 [1.6    0.668 ]]
0.0001 44
[[0.1    0.8872]
 [0.2    0.9144]
 [0.3    0.9232]
 [0.4    0.9312]
 [0.5    0.9152]
 [0.6    0.9248]
 [0.7    0.9216]
 [0.8    0.912 ]
 [0.9    0.9088]
 [1.     0.908 ]
 [1.1    0.9136]
 [1.2    0.9   ]
 [1.3    0.9008]
 [1.4    0.8848]
 [1.5    0.8816]
 [1.6    0.668 ]]
0.0001 44
[[0.1    0.8872]
 [0.2    0.9144]
 [0.3    0.9232]
 [0.4    0.9312]
 [0.5    0.9152]
 [0.6    0.9248]
 [0.7    0.9216]
 [0.8    0.912 ]
 [0.9    0.9088]
 [1.     0.908 ]
 [1.1    0.9136]
 [1.2    0.9   ]
 [1.3    0.9008]
 [1.4    0.8848]
 [1.5    0.8816]
 [1.6    0.668 ]]
0.0001 44
[[0.1    0.8872]
 [0.2    0.9144]
 [0.3    0.9232]
 [0.4    0.9312]
 [0.5    0.9152]
 [0.6    0.9248]
 [0.7    0.9216]
 [0.8    0.912 ]
 [0.9    0.9088]
 [1.     0.908 ]
 [1.1    0.9136]
 [1.2    0.9   ]
 [1.3    0.9008]
 [1.4    0.8848]
 [1.5    0.8816]
 [1.6    0.668 ]]
0.0001 44
[[0.1    0.8872]
 [0.2    0.9144]
 [0.3    0.9232]
 [0.4    0.9312]
 [0.5    0.9152]
 [0.6    0.9248]
 [0.7    0.9216]
 [0.8    0.912 ]
 [0.9    0.9088]
 [1.     0.908 ]
 [1.1    0.9136]
 [1.2    0.9   ]
 [1.3    0.9008]
 [1.4    0.8848]
 [1.5    0.8816]
 [1.6    0.668 ]]
0.0001 44
[[0.1    0.8872]
 [0.2    0.9144]
 [0.3    0.9232]
 [0.4    0.9312]
 [0.5    0.9152]
 [0.6    0.9248]
 [0.7    0.9216]
 [0.8    0.912 ]
 [0.9    0.9088]
 [1.     0.908 ]
 [1.1    0.9136]
 [1.2    0.9   ]
 [1.3    0.9008]
 [1.4    0.8848]
 [1.5    0.8816]
 [1.6    0.668 ]]
